52,2
0,273
0,270
3,2
3,1
3,3
10,171
10,207
10,193
10,279
10,17
10,129
11,7
11,13
52,3
52,1
26,3
26,1
21,3
21,2
21,1
21,0
20,3
20,2
20,1
19,3
19,2
19,1
12,3
12,2
12,1
11,28
11,27
11,25
11,24
11,23
11,22
11,21
11,20
11,19
11,15
11,14
11,12
11,11
11,9
11,5
11,3
11,2
11,1
10,306
10,293
10,291
10,261
10,255
10,249
10,247
10,243
10,236
10,233
10,221
10,217
10,204
10,199
10,195
10,181
10,167
18,1
18,3
10,166
10,155
10,153
14,1
14,3
13,1
10,145
13,3
10,144
10,132
10,119
10,95
10,78
10,34
10,15
10,3
10,2
10,1
9,7
9,6
9,5
9,4
9,3
9,2
9,1
8,18
8,17
8,16
8,14
8,13
8,12
8,10
8,9
8,8
8,7
8,6
8,5
8,3
8,2
8,1
2,2
2,1
2,3
7,13
7,12
7,11
7,10
